1. Accuracy on validation data: 0.9866856871136471

              precision    recall  f1-score   support

           0    1.00000   0.99034   0.99515       414
           1    0.99786   0.99360   0.99573       469
           2    0.98568   0.98804   0.98686       418
           3    0.97743   0.99312   0.98521       436
           4    0.97362   0.99510   0.98424       408
           5    0.97409   0.98947   0.98172       380
           6    0.99512   0.98551   0.99029       414
           7    0.98869   0.99093   0.98981       441
           8    0.99000   0.97297   0.98141       407
           9    0.98301   0.96659   0.97473       419

   micro avg    0.98669   0.98669   0.98669      4206
   macro avg    0.98655   0.98657   0.98651      4206
weighted avg    0.98677   0.98669   0.98669      4206
 samples avg    0.98669   0.98669   0.98669      4206


2. Accuracy on validation data: 0.9892959086584205

              precision    recall  f1-score   support

           0    1.00000   0.99034   0.99515       414
           1    1.00000   0.98934   0.99464       469
           2    0.98345   0.99522   0.98930       418
           3    0.99085   0.99540   0.99312       435
           4    0.98305   0.99510   0.98904       408
           5    0.98408   0.97632   0.98018       380
           6    0.98798   0.99275   0.99036       414
           7    0.99314   0.98636   0.98974       440
           8    0.98529   0.98771   0.98650       407
           9    0.98329   0.98329   0.98329       419

   micro avg    0.98930   0.98930   0.98930      4204
   macro avg    0.98911   0.98918   0.98913      4204
weighted avg    0.98933   0.98930   0.98930      4204
 samples avg    0.98930   0.98930   0.98930      4204


3. Accuracy on validation data: 0.990242741551642

              precision    recall  f1-score   support

           0    1.00000   0.98547   0.99268       413
           1    1.00000   0.99360   0.99679       469
           2    0.98109   0.99282   0.98692       418
           3    0.98630   0.99310   0.98969       435
           4    0.98054   0.99017   0.98533       407
           5    1.00000   0.98158   0.99070       380
           6    0.99275   0.99275   0.99275       414
           7    0.99545   0.99545   0.99545       440
           8    0.97590   0.99509   0.98540       407
           9    0.99036   0.98091   0.98561       419

   micro avg    0.99024   0.99024   0.99024      4202
   macro avg    0.99024   0.99010   0.99013      4202
weighted avg    0.99033   0.99024   0.99025      4202
 samples avg    0.99024   0.99024   0.99024      4202


4. Accuracy on validation data: 0.9890502261366342

              precision    recall  f1-score   support

           0    1.00000   0.98789   0.99391       413
           1    0.99140   0.98294   0.98715       469
           2    0.99279   0.98804   0.99041       418
           3    1.00000   0.99540   0.99770       435
           4    0.98533   0.99017   0.98775       407
           5    0.99206   0.98684   0.98945       380
           6    0.99038   0.99517   0.99277       414
           7    0.97968   0.98636   0.98301       440
           8    0.97108   0.99261   0.98173       406
           9    0.98804   0.98568   0.98686       419

   micro avg    0.98905   0.98905   0.98905      4201
   macro avg    0.98908   0.98911   0.98907      4201
weighted avg    0.98912   0.98905   0.98906      4201
 samples avg    0.98905   0.98905   0.98905      4201


5. Accuracy on validation data: 0.9861904761904762

              precision    recall  f1-score   support

           0    0.99756   0.99031   0.99392       413
           1    0.99782   0.97863   0.98813       468
           2    0.98565   0.98565   0.98565       418
           3    0.99078   0.98851   0.98964       435
           4    0.98289   0.98771   0.98529       407
           5    0.98438   0.99474   0.98953       380
           6    0.98551   0.98551   0.98551       414
           7    0.97763   0.99318   0.98534       440
           8    0.97555   0.98276   0.97914       406
           9    0.98317   0.97613   0.97964       419

   micro avg    0.98619   0.98619   0.98619      4200
   macro avg    0.98609   0.98631   0.98618      4200
weighted avg    0.98625   0.98619   0.98620      4200
 samples avg    0.98619   0.98619   0.98619      4200


6. Accuracy on validation data: 0.9899976184805906

              precision    recall  f1-score   support

           0    0.99756   0.99031   0.99392       413
           1    1.00000   0.99359   0.99678       468
           2    0.99045   0.99282   0.99164       418
           3    0.99085   0.99540   0.99312       435
           4    0.98780   0.99509   0.99143       407
           5    0.99469   0.98945   0.99206       379
           6    0.99272   0.98792   0.99031       414
           7    0.98864   0.98864   0.98864       440
           8    0.96867   0.99015   0.97929       406
           9    0.98792   0.97613   0.98199       419

   micro avg    0.99000   0.99000   0.99000      4199
   macro avg    0.98993   0.98995   0.98992      4199
weighted avg    0.99006   0.99000   0.99001      4199
 samples avg    0.99000   0.99000   0.99000      4199


7. Accuracy on validation data: 0.9876160990712074

              precision    recall  f1-score   support

           0    1.00000   0.98063   0.99022       413
           1    0.99359   0.99359   0.99359       468
           2    0.98317   0.97847   0.98082       418
           3    0.98843   0.98161   0.98501       435
           4    0.98058   0.99263   0.98657       407
           5    0.97680   1.00000   0.98827       379
           6    0.99272   0.98792   0.99031       414
           7    0.98636   0.98636   0.98636       440
           8    0.98775   0.99261   0.99017       406
           9    0.98565   0.98329   0.98447       419

   micro avg    0.98762   0.98762   0.98762      4199
   macro avg    0.98750   0.98771   0.98758      4199
weighted avg    0.98767   0.98762   0.98762      4199
 samples avg    0.98762   0.98762   0.98762      4199


8. Accuracy on validation data: 0.9902311174648558

              precision    recall  f1-score   support

           0    0.99275   0.99516   0.99395       413
           1    0.99787   1.00000   0.99893       468
           2    0.99038   0.98801   0.98920       417
           3    0.99539   0.99310   0.99425       435
           4    0.98780   0.99509   0.99143       407
           5    0.98433   0.99472   0.98950       379
           6    0.99510   0.98305   0.98904       413
           7    0.98864   0.98864   0.98864       440
           8    0.98044   0.98768   0.98405       406
           9    0.98792   0.97613   0.98199       419

   micro avg    0.99023   0.99023   0.99023      4197
   macro avg    0.99006   0.99016   0.99010      4197
weighted avg    0.99025   0.99023   0.99023      4197
 samples avg    0.99023   0.99023   0.99023      4197


9. Accuracy on validation data: 0.9892755004766445

              precision    recall  f1-score   support

           0    0.99275   0.99516   0.99395       413
           1    0.99356   0.98932   0.99143       468
           2    0.97406   0.99041   0.98216       417
           3    0.99769   0.99080   0.99423       435
           4    0.98068   0.99754   0.98904       407
           5    0.99211   0.99472   0.99341       379
           6    0.99756   0.99031   0.99392       413
           7    0.99091   0.99091   0.99091       440
           8    0.98272   0.98030   0.98150       406
           9    0.99027   0.97368   0.98191       418

   micro avg    0.98928   0.98928   0.98928      4196
   macro avg    0.98923   0.98932   0.98925      4196
weighted avg    0.98933   0.98928   0.98928      4196
 samples avg    0.98928   0.98928   0.98928      4196


10. Accuracy on validation data: 0.988560533841754

              precision    recall  f1-score   support

           0    1.00000   0.99031   0.99513       413
           1    0.99785   0.99145   0.99464       468
           2    0.99048   0.99760   0.99403       417
           3    0.98618   0.98391   0.98504       435
           4    0.98768   0.98526   0.98647       407
           5    0.98684   0.98945   0.98814       379
           6    0.98804   1.00000   0.99398       413
           7    0.98409   0.98409   0.98409       440
           8    0.98756   0.97783   0.98267       406
           9    0.97630   0.98565   0.98095       418

   micro avg    0.98856   0.98856   0.98856      4196
   macro avg    0.98850   0.98856   0.98852      4196
weighted avg    0.98859   0.98856   0.98856      4196
 samples avg    0.98856   0.98856   0.98856      4196


Accuracy on all validarion data: 0.9887142857142858

              precision    recall  f1-score   support

           0    0.99805   0.98959   0.99380      4132
           1    0.99699   0.99061   0.99379      4684
           2    0.98569   0.98971   0.98770      4177
           3    0.99035   0.99104   0.99070      4351
           4    0.98297   0.99239   0.98766      4072
           5    0.98686   0.98972   0.98829      3795
           6    0.99177   0.99009   0.99093      4137
           7    0.98730   0.98909   0.98820      4401
           8    0.98042   0.98597   0.98319      4063
           9    0.98557   0.97875   0.98215      4188

   micro avg    0.98871   0.98871   0.98871     42000
   macro avg    0.98860   0.98870   0.98864     42000
weighted avg    0.98874   0.98871   0.98872     42000
 samples avg    0.98871   0.98871   0.98871     42000


